[0, 721, -1, -1]
[0, 721, -1, -1]
[0, 721, -1, -1]
[0, 721, -1, -1]
[0, 721, 0.52, 0]
[0, 721, 0.52, 0]
[0, 721, 0.52, 0]
[0, 721, 0.52, 0]
[0, 721, 0.52, 0]
[0, 721, 0.52, 0]
[0, 721, 0.52, 0]
[0, 721, 0.52, 0]
[0, 721, 0.52, 0]
[0, 721, 0.52, 0]
[0, 721, 0.52, 0]
[0, 721, 0.52, 0]
[0, 721, 0.52, 0]
[0, 721, 0.52, 0]
[0, 721, 0.52, 0]
[0, 721, 0.52, 0]
[0, 721, 0.52, 0]
[0, 721, 0.52, 0]
[0, 721, 0.52, 0]
[0, 721, 0.52, 0]
[0, 721, 0.52, 0]
[0, 721, 0.52, 0]
[0, 721, 0.52, 0]
[0, 721, 0.52, 0]
[0, 721, -1, -1]
[0, 721, -1, -1]
[0, 721, -1, -1]
[0, 721, -1, -1]
[0, 721, 0.52, 1]
[0, 721, 0.52, 1]
[0, 721, 0.52, 1]
[0, 721, 0.52, 1]
[0, 721, 0.52, 1]
[0, 721, 0.52, 1]
[0, 721, 0.52, 1]
[0, 721, 0.52, 1]
[0, 721, 0.52, 1]
[0, 721, 0.52, 1]
[0, 721, 0.52, 1]
[0, 721, 0.52, 1]
[0, 721, 0.52, 1]
[0, 721, 0.52, 1]
[0, 721, 0.52, 1]
[0, 721, 0.52, 1]
[0, 721, 0.52, 1]
[0, 721, 0.52, 1]
[0, 721, 0.52, 1]
[0, 721, 0.52, 1]
[0, 721, 0.52, 1]
[0, 721, 0.52, 1]
[0, 721, 0.52, 1]
[0, 721, 0.52, 1]
Tempo dos Comandos:
[0, 4.007]
[1, 13.0028]
