Com métricas:
Pessoa 01
....(44, 19, 16)
0.2222222238779068
Pessoa 02
....(44, 19, 16)
0.4444444477558136
Pessoa 03
....(44, 19, 16)
0.7777777910232544
Pessoa 04
....(44, 19, 16)
0.5555555820465088
Pessoa 05
....(43, 19, 16)
0.0
Pessoa 06
....(43, 19, 16)
0.5555555820465088
Pessoa 07
....(44, 19, 16)
0.3333333432674408
Pessoa 08
....(44, 19, 16)
0.3333333432674408
Pessoa 09
....(43, 19, 16)
0.6666666865348816
Pessoa 10
....(43, 19, 16)
0.3333333432674408
Pessoa 11
....(44, 19, 16)
0.6666666865348816
Pessoa 12
....(43, 19, 16)
0.3333333432674408
Pessoa 13
....(44, 19, 16)
0.3333333432674408
Pessoa 14
....(44, 19, 16)
0.3333333432674408
Pessoa 15
....(44, 19, 16)
0.4444444477558136
Pessoa 16
....(44, 19, 16)
0.3333333432674408
Pessoa 17
....(44, 19, 16)
0.5555555820465088
Pessoa 18
....(44, 19, 16)
0.4444444477558136
Pessoa 19
....(44, 19, 16)
0.4444444477558136
Pessoa 20
....(44, 19, 16)
0.4444444477558136
Pessoa 21
....(43, 19, 16)
0.5555555820465088
Pessoa 22
....(44, 19, 16)
0.6666666865348816
Pessoa 23
....(44, 19, 16)
0.2222222238779068
Pessoa 24
....(44, 19, 16)
0.4444444477558136
Pessoa 25
....(44, 19, 16)
0.6666666865348816
Pessoa 26
....(43, 19, 16)
0.4444444477558136
Pessoa 27
....(44, 19, 16)
0.4444444477558136
Pessoa 28
....(44, 19, 16)
0.4444444477558136
Pessoa 29
....(44, 19, 16)
0.4444444477558136
Pessoa 30
....(43, 19, 16)
0.3333333432674408
Pessoa 31
....(44, 19, 16)
0.2222222238779068
Pessoa 32
....(43, 19, 16)
0.5555555820465088
Pessoa 33
....(44, 19, 16)
0.3333333432674408
Pessoa 34
....(43, 19, 16)
0.7777777910232544
Pessoa 35
....(44, 19, 16)
0.3333333432674408
Pessoa 36
....(44, 19, 16)
0.8888888955116272
Pessoa 37
....(43, 19, 16)
0.5555555820465088
Pessoa 38
....(44, 19, 16)
0.3333333432674408
Pessoa 39
....(44, 19, 16)
0.5555555820465088
Pessoa 40
....(43, 19, 16)
0.4444444477558136
Pessoa 41
....(43, 19, 16)
0.3333333432674408
Pessoa 42
....(44, 19, 16)
0.6666666865348816
Pessoa 43
....(44, 19, 16)
0.6666666865348816
Pessoa 44
....(44, 19, 16)
0.4444444477558136
Pessoa 45
....(44, 19, 16)
0.3333333432674408
Pessoa 46
....(44, 19, 16)
0.3333333432674408
Pessoa 47
....(43, 19, 16)
0.2222222238779068
Pessoa 48
....(44, 19, 16)
0.5555555820465088
Pessoa 49
....(44, 19, 16)
0.6666666865348816
Pessoa 50
....(44, 19, 16)
0.4444444477558136
Pessoa 51
....(43, 19, 16)
0.4444444477558136
Pessoa 52
....(43, 19, 16)
0.3333333432674408
Pessoa 53
....(44, 19, 16)
0.5555555820465088
Pessoa 54
....(44, 19, 16)
0.5555555820465088
Pessoa 55
....(44, 19, 16)
0.2222222238779068
Pessoa 56
....(44, 19, 16)
0.3333333432674408
Pessoa 57
....(43, 19, 16)
0.6666666865348816
Pessoa 58
....(43, 19, 16)
0.3333333432674408
Pessoa 59
....(43, 19, 16)
0.3333333432674408
Pessoa 60
....(44, 19, 16)
0.8888888955116272
Pessoa 61
....(44, 19, 16)
0.5555555820465088
Pessoa 62
....(44, 19, 16)
0.6666666865348816
Pessoa 63
....(44, 19, 16)
0.2222222238779068
Pessoa 64
....(43, 19, 16)
0.2222222238779068
Pessoa 65
....(43, 19, 16)
0.5555555820465088
Pessoa 66
....(44, 19, 16)
0.5555555820465088
Pessoa 67
....(44, 19, 16)
0.2222222238779068
Pessoa 68
....(44, 19, 16)
0.5555555820465088
Pessoa 69
....(43, 19, 16)
0.3333333432674408
Pessoa 70
....(44, 19, 16)
0.4444444477558136
Pessoa 71
....(44, 19, 16)
0.3333333432674408
Pessoa 72
....(43, 19, 16)
0.2222222238779068
Pessoa 73
....(42, 19, 16)
0.4444444477558136
Pessoa 74
....(43, 19, 16)
0.6666666865348816
Pessoa 75
....(44, 19, 16)
0.4444444477558136
Pessoa 76
....(42, 19, 16)
0.1111111119389534
Pessoa 77
....(43, 19, 16)
0.4444444477558136
Pessoa 78
....(44, 19, 16)
0.4444444477558136
Pessoa 79
....(44, 19, 16)
0.3333333432674408
Pessoa 80
....(44, 19, 16)
0.3333333432674408
Pessoa 81
....(44, 19, 16)
0.4444444477558136
Pessoa 82
....(44, 19, 16)
0.5555555820465088
Pessoa 83
....(44, 19, 16)
0.5555555820465088
Pessoa 84
....(44, 19, 16)
0.5555555820465088
Sem métricas:
0.3333333432674408
Pessoa 02
....(44, 16, 16)
0.4444444477558136
Pessoa 03
....(44, 16, 16)
0.5555555820465088
Pessoa 04
....(44, 16, 16)
0.3333333432674408
Pessoa 05
....(43, 16, 16)
0.4444444477558136
Pessoa 06
....(43, 16, 16)
0.4444444477558136
Pessoa 07
....(44, 16, 16)
0.4444444477558136
Pessoa 08
....(44, 16, 16)
0.5555555820465088
Pessoa 09
....(43, 16, 16)
0.2222222238779068
Pessoa 10
....(43, 16, 16)
0.3333333432674408
Pessoa 11
....(44, 16, 16)
0.5555555820465088
Pessoa 12
....(43, 16, 16)
0.3333333432674408
Pessoa 13
....(44, 16, 16)
0.5555555820465088
Pessoa 14
....(44, 16, 16)
0.2222222238779068
Pessoa 15
....(44, 16, 16)
0.7777777910232544
Pessoa 16
....(44, 16, 16)
0.7777777910232544
Pessoa 17
....(44, 16, 16)
0.5555555820465088
Pessoa 18
....(44, 16, 16)
0.5555555820465088
Pessoa 19
....(44, 16, 16)
0.2222222238779068
Pessoa 20
....(44, 16, 16)
0.5555555820465088
Pessoa 21
....(43, 16, 16)
0.3333333432674408
Pessoa 22
....(44, 16, 16)
0.6666666865348816
Pessoa 23
....(44, 16, 16)
0.4444444477558136
Pessoa 24
....(44, 16, 16)
0.4444444477558136
Pessoa 25
....(44, 16, 16)
0.3333333432674408
Pessoa 26
....(43, 16, 16)
0.3333333432674408
Pessoa 27
....(44, 16, 16)
0.4444444477558136
Pessoa 28
....(44, 16, 16)
0.3333333432674408
Pessoa 29
....(44, 16, 16)
0.4444444477558136
Pessoa 30
....(43, 16, 16)
0.4444444477558136
Pessoa 31
....(44, 16, 16)
0.4444444477558136
Pessoa 32
....(43, 16, 16)
0.3333333432674408
Pessoa 33
....(44, 16, 16)
0.3333333432674408
Pessoa 34
....(43, 16, 16)
0.1111111119389534
Pessoa 35
....(44, 16, 16)
0.3333333432674408
Pessoa 36
....(44, 16, 16)
0.7777777910232544
Pessoa 37
....(43, 16, 16)
0.2222222238779068
Pessoa 38
....(44, 16, 16)
0.3333333432674408
Pessoa 39
....(44, 16, 16)
0.5555555820465088
Pessoa 40
....(43, 16, 16)
0.1111111119389534
Pessoa 41
....(43, 16, 16)
0.3333333432674408
Pessoa 42
....(44, 16, 16)
0.5555555820465088
Pessoa 43
....(44, 16, 16)
0.4444444477558136
Pessoa 44
....(44, 16, 16)
0.1111111119389534
Pessoa 45
....(44, 16, 16)
0.4444444477558136
Pessoa 46
....(44, 16, 16)
0.3333333432674408
Pessoa 47
....(43, 16, 16)
0.4444444477558136
Pessoa 48
....(44, 16, 16)
0.4444444477558136
Pessoa 49
....(44, 16, 16)
0.5555555820465088
Pessoa 50
....(44, 16, 16)
0.4444444477558136
Pessoa 51
....(43, 16, 16)
0.5555555820465088
Pessoa 52
....(43, 16, 16)
0.3333333432674408
Pessoa 53
....(44, 16, 16)
0.3333333432674408
Pessoa 54
....(44, 16, 16)
0.3333333432674408
Pessoa 55
....(44, 16, 16)
0.5555555820465088
Pessoa 56
....(44, 16, 16)
0.6666666865348816
Pessoa 57
....(43, 16, 16)
0.3333333432674408
Pessoa 58
....(43, 16, 16)
0.4444444477558136
Pessoa 59
....(43, 16, 16)
0.4444444477558136
Pessoa 60
....(44, 16, 16)
0.5555555820465088
Pessoa 61
....(44, 16, 16)
0.5555555820465088
Pessoa 62
....(44, 16, 16)
0.4444444477558136
Pessoa 63
....(44, 16, 16)
0.3333333432674408
Pessoa 64
....(43, 16, 16)
0.4444444477558136
Pessoa 65
....(43, 16, 16)
0.5555555820465088
Pessoa 66
....(44, 16, 16)
0.4444444477558136
Pessoa 67
....(44, 16, 16)
0.2222222238779068
Pessoa 68
....(44, 16, 16)
0.2222222238779068
Pessoa 69
....(43, 16, 16)
0.5555555820465088
Pessoa 70
....(44, 16, 16)
0.3333333432674408
Pessoa 71
....(44, 16, 16)
0.5555555820465088
Pessoa 72
....(43, 16, 16)
0.6666666865348816
Pessoa 73
....(42, 16, 16)
0.5555555820465088
Pessoa 74
....(43, 16, 16)
0.3333333432674408
Pessoa 75
....(44, 16, 16)
0.3333333432674408
Pessoa 76
....(42, 16, 16)
0.5555555820465088
Pessoa 77
....(43, 16, 16)
0.2222222238779068
Pessoa 78
....(44, 16, 16)
0.4444444477558136
Pessoa 79
....(44, 16, 16)
0.4444444477558136
Pessoa 80
....(44, 16, 16)
0.4444444477558136
Pessoa 81
....(44, 16, 16)
0.2222222238779068
Pessoa 82
....(44, 16, 16)
0.4444444477558136
Pessoa 83
....(44, 16, 16)
0.2222222238779068
Pessoa 84
....(44, 16, 16)
0.3333333432674408
